C index matrix
0,000 0,762 0,548 0,643 0,524 0,619 0,476 0,714 0,548 0,524 0,476 0,548 0,452 0,643 0,690
0,238 0,000 0,214 0,357 0,238 0,595 0,357 0,500 0,524 0,548 0,476 0,595 0,357 0,214 0,286
0,452 0,905 0,000 0,571 0,310 0,714 0,667 0,881 0,476 0,690 0,690 0,571 0,595 0,286 0,524
0,690 0,643 0,429 0,000 0,429 0,524 0,405 0,738 0,595 0,595 0,833 0,571 0,429 0,476 0,524
0,714 0,762 0,762 0,595 0,000 0,905 0,667 0,952 0,690 0,595 0,714 0,595 0,738 0,667 0,714
0,381 0,667 0,452 0,548 0,381 0,000 0,381 0,571 0,643 0,524 0,452 0,476 0,667 0,214 0,429
0,524 0,667 0,619 0,619 0,571 0,810 0,000 0,976 0,714 0,571 0,905 0,619 0,571 0,381 0,405
0,286 0,619 0,548 0,262 0,095 0,429 0,238 0,000 0,333 0,571 0,524 0,476 0,405 0,238 0,143
0,524 0,595 0,571 0,405 0,405 0,429 0,310 0,714 0,000 0,762 0,714 0,690 0,595 0,405 0,357
0,476 0,667 0,429 0,548 0,405 0,476 0,429 0,500 0,619 0,000 0,643 0,714 0,524 0,452 0,500
0,524 0,524 0,524 0,190 0,333 0,619 0,476 0,690 0,548 0,595 0,000 0,500 0,381 0,333 0,310
0,452 0,643 0,429 0,452 0,429 0,643 0,452 0,548 0,690 0,667 0,690 0,000 0,571 0,262 0,476
0,548 0,643 0,452 0,810 0,333 0,405 0,452 0,738 0,643 0,690 0,667 0,667 0,000 0,500 0,571
0,524 0,929 0,738 0,524 0,524 0,786 0,667 0,762 0,595 0,762 0,810 0,738 0,524 0,000 0,571
0,452 0,738 0,500 0,500 0,524 0,571 0,667 0,857 0,643 0,571 0,762 0,548 0,452 0,595 0,000
D index matrix
1,000 0,444 0,667 0,556 0,667 0,667 0,667 0,296 0,286 0,476 0,222 0,381 0,476 0,778 0,778
0,857 1,000 0,333 0,857 0,667 0,750 0,667 0,286 1,000 1,000 0,286 1,000 1,000 0,444 0,762
0,571 0,500 1,000 0,571 0,476 0,556 0,556 0,444 0,714 0,714 0,222 0,714 0,714 0,190 0,571
0,750 0,250 0,625 1,000 0,750 0,625 0,321 0,250 0,190 0,222 0,714 0,143 0,444 0,750 0,375
0,286 0,333 0,556 0,381 1,000 0,625 0,185 0,500 0,429 0,429 0,296 0,429 0,429 0,667 0,296
0,857 0,333 0,476 0,857 0,571 1,000 0,333 0,286 1,000 1,000 0,286 1,000 1,000 0,571 0,571
0,571 0,214 0,500 0,571 0,556 0,500 1,000 0,333 0,714 0,714 0,500 0,714 0,714 0,556 0,286
0,778 0,643 0,857 0,667 0,778 0,750 0,536 1,000 0,714 0,714 0,444 0,714 0,714 0,857 0,571
1,000 0,536 0,875 0,643 1,000 0,875 0,375 0,321 1,000 0,667 0,333 0,556 0,750 1,000 0,625
1,000 0,500 0,875 0,643 1,000 0,875 0,750 0,375 0,444 1,000 0,333 0,375 0,750 1,000 0,857
0,889 0,500 0,875 0,571 0,889 0,875 0,429 0,321 0,714 0,714 1,000 0,714 0,714 0,889 0,556
1,000 0,500 0,875 0,750 1,000 0,875 0,857 0,321 0,556 0,111 0,444 1,000 0,750 1,000 0,964
0,250 0,667 0,857 0,778 0,321 0,321 0,444 0,500 0,222 0,778 0,444 0,667 1,000 0,964 0,259
0,429 0,778 0,222 0,571 0,667 0,778 0,778 0,222 0,571 0,571 0,333 0,571 0,571 1,000 0,762
0,333 0,444 0,643 0,476 0,375 0,250 0,389 0,375 0,429 0,476 0,333 0,429 0,429 0,750 1,000
Concordance and discordance thresholds
0.714 0.499
Relation for concordance and discordance values
0 1 0 0 0 0 0 1 0 0 0 0 0 0 0
0 0 0 0 0 0 0 0 0 0 0 0 0 0 0
0 0 0 0 0 0 0 1 0 0 0 0 0 0 0
0 0 0 0 0 0 0 1 0 0 0 0 0 0 0
1 1 0 0 0 0 0 0 0 0 1 0 1 0 1
0 0 0 0 0 0 0 0 0 0 0 0 0 0 0
0 0 0 0 0 0 0 1 0 0 0 0 0 0 0
0 0 0 0 0 0 0 0 0 0 0 0 0 0 0
0 0 0 0 0 0 0 1 0 0 1 0 0 0 0
0 0 0 0 0 0 0 0 0 0 0 1 0 0 0
0 0 0 0 0 0 0 0 0 0 0 0 0 0 0
0 0 0 0 0 0 0 0 0 0 0 0 0 0 0
0 0 0 0 0 0 0 0 0 0 0 0 0 0 0
0 0 1 0 0 0 0 1 0 0 1 0 0 0 0
0 1 0 0 0 0 0 1 0 0 1 0 0 0 0
The core of the binary relation
4 5 6 7 9 10 14
